0,476
0,475
0,474
0,473
0,472
0,471
0,243
0,470
0,469
0,468
0,467
0,466
0,465
0,464
0,463
0,462
0,461
0,460
0,459
0,458
0,457
0,456
0,455
0,454
0,453
0,452
42,5
42,4
42,3
42,2
0,451
42,1
42,0
0,450
0,449
0,448
0,447
0,446
0,445
0,444
0,443
0,442
0,441
0,440
0,439
0,438
0,437
0,436
0,435
0,434
41,4
41,3
41,2
0,433
41,1
41,0
0,432
0,431
40,3
40,2
0,430
40,1
40,0
0,429
0,428
0,427
0,426
0,425
0,424
0,423
0,422
0,421
0,420
0,419
0,418
0,417
0,416
0,415
0,414
0,413
0,412
0,411
0,410
0,409
0,408
0,407
0,406
39,5
39,4
39,3
39,2
39,1
39,0
0,278
0,405
0,404
0,273
0,270
38,4
38,3
38,2
38,1
38,0
37,3
37,2
37,1
37,0
0,403
0,402
0,401
0,386
35,52
